-122.999962 39.000042 
-122.999962 38.999207 
-122.999962 38.998375 
-122.999962 38.997540 
-122.999962 38.996708 
-122.999962 38.995872 
-122.999962 38.995041 
-122.999962 38.994205 
-122.999962 38.993370 
-122.999962 38.992538 
-122.999962 38.991703 
-122.999962 38.990871 
-122.999962 38.990036 
-122.999962 38.989204 
-122.999962 38.988369 
-122.999962 38.987534 
-122.999962 38.986702 
-122.999962 38.985867 
-122.999962 38.985035 
-122.999962 38.984200 
-122.999962 38.983368 
-122.999962 38.982533 
-122.999962 38.981697 
-122.999962 38.980865 
-122.999962 38.980030 
-122.999962 38.979198 
-122.999962 38.978363 
-122.999962 38.977528 
-122.999962 38.976696 
-122.999962 38.975861 
-122.999962 38.975029 
-122.999962 38.974194 
-122.999962 38.973362 
-122.999962 38.972527 
-122.999962 38.971691 
-122.999962 38.970860 
-122.999962 38.970024 
-122.999962 38.969193 
-122.999962 38.968357 
-122.999962 38.967525 
-122.999962 38.966690 
-122.999962 38.965855 
-122.999962 38.965023 
-122.999962 38.964188 
-122.999962 38.963356 
-122.999962 38.962521 
-122.999962 38.961689 
-122.999962 38.960854 
-122.999962 38.960018 
-122.999962 38.959187 
-122.999962 38.958351 
-122.999962 38.957520 
-122.999962 38.956684 
-122.999962 38.955853 
-122.999962 38.955017 
-122.999962 38.954182 
-122.999962 38.953350 
-122.999962 38.952515 
-122.999962 38.951683 
-122.999962 38.950848 
-122.999962 38.950016 
-122.999962 38.949181 
-122.999962 38.948345 
-122.999962 38.947514 
-122.999962 38.946678 
-122.999962 38.945847 
-122.999962 38.945011 
-122.999962 38.944176 
-122.999962 38.943344 
-122.999962 38.942509 
-122.999962 38.941677 
-122.999962 38.940842 
-122.999962 38.940010 
-122.999962 38.939175 
-122.999962 38.938339 
-122.999962 38.937508 
-122.999962 38.936672 
-122.999962 38.935841 
-122.999962 38.935005 
-122.999962 38.934174 
-122.999962 38.933338 
-122.999962 38.932503 
-122.999962 38.931671 
-122.999962 38.930836 
-122.999962 38.930004 
-122.999962 38.929169 
-122.999962 38.928337 
-122.999962 38.927502 
-122.999962 38.926666 
-122.999962 38.925835 
-122.999962 38.924999 
-122.999962 38.924168 
-122.999962 38.923332 
-122.999962 38.922501 
-122.999962 38.921665 
-122.999962 38.920830 
-122.999962 38.919998 
-122.999962 38.919163 
-122.999962 38.918331 
-122.999962 38.917496 
-122.999962 38.916664 
-122.999962 38.915829 
-122.999962 38.914993 
-122.999962 38.914162 
-122.999962 38.913326 
-122.999962 38.912495 
-122.999962 38.911659 
-122.999962 38.910828 
-122.999962 38.909992 
-122.999962 38.909157 
-122.999962 38.908325 
-122.999962 38.907490 
-122.999962 38.906658 
-122.999962 38.905823 
-122.999962 38.904987 
-122.999962 38.904156 
-122.999962 38.903320 
-122.999962 38.902489 
-122.999962 38.901653 
-122.999962 38.900822 
-122.999962 38.899986 
-122.999962 38.899151 
-122.999962 38.898319 
-122.999962 38.897484 
-122.999962 38.896652 
-122.999962 38.895817 
-122.999962 38.894985 
-122.999962 38.894150 
-122.999962 38.893314 
-122.999962 38.892483 
-122.999962 38.891647 
-122.999962 38.890816 
-122.999962 38.889980 
-122.999962 38.889149 
-122.999962 38.888313 
-122.999962 38.887478 
-122.999962 38.886646 
-122.999962 38.885811 
-122.999962 38.884979 
-122.999962 38.884144 
-122.999962 38.883312 
-122.999962 38.882477 
-122.999962 38.881641 
-122.999962 38.880810 
-122.999962 38.879974 
-122.999962 38.879143 
-122.999962 38.878307 
-122.999962 38.877476 
-122.999962 38.876640 
-122.999962 38.875805 
-122.999962 38.874973 
-122.999962 38.874138 
-122.999962 38.873306 
-122.999962 38.872471 
-122.999962 38.871635 
-122.999962 38.870804 
-122.999962 38.869968 
-122.999962 38.869137 
-122.999962 38.868301 
-122.999962 38.867470 
-122.999962 38.866634 
-122.999962 38.865799 
-122.999962 38.864967 
-122.999962 38.864132 
-122.999962 38.863300 
-122.999962 38.862465 
-122.999962 38.861633 
-122.999962 38.860798 
-122.999962 38.859962 
-122.999962 38.859131 
-122.999962 38.858295 
-122.999962 38.857464 
-122.999962 38.856628 
-122.999962 38.855797 
-122.999962 38.854961 
-122.999962 38.854126 
-122.999962 38.853294 
-122.999962 38.852459 
-122.999962 38.851627 
-122.999962 38.850792 
-122.999962 38.849960 
-122.999962 38.849125 
-122.999962 38.848289 
-122.999962 38.847458 
-122.999962 38.846622 
-122.999962 38.845791 
-122.999962 38.844955 
-122.999962 38.844124 
-122.999962 38.843288 
-122.999962 38.842453 
-122.999962 38.841621 
-122.999962 38.840786 
-122.999962 38.839954 
-122.999962 38.839119 
-122.999962 38.838287 
-122.999962 38.837452 
-122.999962 38.836617 
-122.999962 38.835785 
-122.999962 38.834949 
-122.999962 38.834118 
-122.999962 38.833282 
-122.999130 38.833282 
-122.998291 38.833282 
-122.997459 38.833282 
-122.996628 38.833282 
-122.995796 38.833282 
-122.994957 38.833282 
-122.994125 38.833282 
-122.993294 38.833282 
-122.992455 38.833282 
-122.991623 38.833282 
-122.990791 38.833282 
-122.989960 38.833282 
-122.989120 38.833282 
-122.988289 38.833282 
-122.987457 38.833282 
-122.986618 38.833282 
-122.985786 38.833282 
-122.984955 38.833282 
-122.984123 38.833282 
-122.983284 38.833282 
-122.982452 38.833282 
-122.981621 38.833282 
-122.980782 38.833282 
-122.979950 38.833282 
-122.979118 38.833282 
-122.978287 38.833282 
-122.977448 38.833282 
-122.976616 38.833282 
-122.975784 38.833282 
-122.974945 38.833282 
-122.974113 38.833282 
-122.973282 38.833282 
-122.972450 38.833282 
-122.971611 38.833282 
-122.970779 38.833282 
-122.969948 38.833282 
-122.969109 38.833282 
-122.968277 38.833282 
-122.967445 38.833282 
-122.966614 38.833282 
-122.965775 38.833282 
-122.964943 38.833282 
-122.964111 38.833282 
-122.963272 38.833282 
-122.962440 38.833282 
-122.961609 38.833282 
-122.960770 38.833282 
-122.959938 38.833282 
-122.959106 38.833282 
-122.958275 38.833282 
-122.957436 38.833282 
-122.956604 38.833282 
-122.955772 38.833282 
-122.954933 38.833282 
-122.954102 38.833282 
-122.953270 38.833282 
-122.952438 38.833282 
-122.951599 38.833282 
-122.950768 38.833282 
-122.949936 38.833282 
-122.949097 38.833282 
-122.948265 38.833282 
-122.947433 38.833282 
-122.946602 38.833282 
-122.945763 38.833282 
-122.944931 38.833282 
-122.944099 38.833282 
-122.943260 38.833282 
-122.942429 38.833282 
-122.941597 38.833282 
-122.940765 38.833282 
-122.939926 38.833282 
-122.939095 38.833282 
-122.938263 38.833282 
-122.937424 38.833282 
-122.936592 38.833282 
-122.935760 38.833282 
-122.934929 38.833282 
-122.934090 38.833282 
-122.933258 38.833282 
-122.932426 38.833282 
-122.931587 38.833282 
-122.930756 38.833282 
-122.929924 38.833282 
-122.929092 38.833282 
-122.928253 38.833282 
-122.927422 38.833282 
-122.926590 38.833282 
-122.925751 38.833282 
-122.924919 38.833282 
-122.924088 38.833282 
-122.923256 38.833282 
-122.922417 38.833282 
-122.921585 38.833282 
-122.920753 38.833282 
-122.919914 38.833282 
-122.919083 38.833282 
-122.918251 38.833282 
-122.917419 38.833282 
-122.916580 38.833282 
-122.915749 38.833282 
-122.914917 38.833282 
-122.914078 38.833282 
-122.913246 38.833282 
-122.912415 38.833282 
-122.911583 38.833282 
-122.910744 38.833282 
-122.909912 38.833282 
-122.909081 38.833282 
-122.908241 38.833282 
-122.907410 38.833282 
-122.906578 38.833282 
-122.905746 38.833282 
-122.904907 38.833282 
-122.904076 38.833282 
-122.903244 38.833282 
-122.902405 38.833282 
-122.901573 38.833282 
-122.900742 38.833282 
-122.899910 38.833282 
-122.899071 38.833282 
-122.898239 38.833282 
-122.897408 38.833282 
-122.896568 38.833282 
-122.895737 38.833282 
-122.894905 38.833282 
-122.894073 38.833282 
-122.893234 38.833282 
-122.892403 38.833282 
-122.891571 38.833282 
-122.890732 38.833282 
-122.889900 38.833282 
-122.889069 38.833282 
-122.888229 38.833282 
-122.887398 38.833282 
-122.886566 38.833282 
-122.885735 38.833282 
-122.884895 38.833282 
-122.884064 38.833282 
-122.883232 38.833282 
-122.882393 38.833282 
-122.881561 38.833282 
-122.880730 38.833282 
-122.879898 38.833282 
-122.879059 38.833282 
-122.878227 38.833282 
-122.877396 38.833282 
-122.876556 38.833282 
-122.875725 38.833282 
-122.874893 38.833282 
-122.874062 38.833282 
-122.873222 38.833282 
-122.872391 38.833282 
-122.871559 38.833282 
-122.870720 38.833282 
-122.869888 38.833282 
-122.869057 38.833282 
-122.868225 38.833282 
-122.867386 38.833282 
-122.866554 38.833282 
-122.865723 38.833282 
-122.864883 38.833282 
-122.864052 38.833282 
-122.863220 38.833282 
-122.862389 38.833282 
-122.861549 38.833282 
-122.860718 38.833282 
-122.859886 38.833282 
-122.859047 38.833282 
-122.858215 38.833282 
-122.857384 38.833282 
-122.856552 38.833282 
-122.855713 38.833282 
-122.854881 38.833282 
-122.854050 38.833282 
-122.853210 38.833282 
-122.852379 38.833282 
-122.851547 38.833282 
-122.850716 38.833282 
-122.849876 38.833282 
-122.849045 38.833282 
-122.848213 38.833282 
-122.847374 38.833282 
-122.846542 38.833282 
-122.845711 38.833282 
-122.844879 38.833282 
-122.844040 38.833282 
-122.843208 38.833282 
-122.842377 38.833282 
-122.841537 38.833282 
-122.840706 38.833282 
-122.839874 38.833282 
-122.839043 38.833282 
-122.838203 38.833282 
-122.837372 38.833282 
-122.836540 38.833282 
-122.835701 38.833282 
-122.834869 38.833282 
-122.834038 38.833282 
-122.833206 38.833282 
-122.833206 38.834118 
-122.833206 38.834949 
-122.833206 38.835785 
-122.833206 38.836617 
-122.833206 38.837452 
-122.833206 38.838287 
-122.833206 38.839119 
-122.833206 38.839954 
-122.833206 38.840786 
-122.833206 38.841621 
-122.833206 38.842453 
-122.833206 38.843288 
-122.833206 38.844124 
-122.833206 38.844955 
-122.833206 38.845791 
-122.833206 38.846622 
-122.833206 38.847458 
-122.833206 38.848289 
-122.833206 38.849125 
-122.833206 38.849960 
-122.833206 38.850792 
-122.833206 38.851627 
-122.833206 38.852459 
-122.833206 38.853294 
-122.833206 38.854126 
-122.833206 38.854961 
-122.833206 38.855797 
-122.833206 38.856628 
-122.833206 38.857464 
-122.833206 38.858295 
-122.833206 38.859131 
-122.833206 38.859962 
-122.833206 38.860798 
-122.833206 38.861633 
-122.833206 38.862465 
-122.833206 38.863300 
-122.833206 38.864132 
-122.833206 38.864967 
-122.833206 38.865799 
-122.833206 38.866634 
-122.833206 38.867470 
-122.833206 38.868301 
-122.833206 38.869137 
-122.833206 38.869968 
-122.833206 38.870804 
-122.833206 38.871635 
-122.833206 38.872471 
-122.833206 38.873306 
-122.833206 38.874138 
-122.833206 38.874973 
-122.833206 38.875805 
-122.833206 38.876640 
-122.833206 38.877476 
-122.833206 38.878307 
-122.833206 38.879143 
-122.833206 38.879974 
-122.833206 38.880810 
-122.833206 38.881641 
-122.833206 38.882477 
-122.833206 38.883312 
-122.833206 38.884144 
-122.833206 38.884979 
-122.833206 38.885811 
-122.833206 38.886646 
-122.833206 38.887478 
-122.833206 38.888313 
-122.833206 38.889149 
-122.833206 38.889980 
-122.833206 38.890816 
-122.833206 38.891647 
-122.833206 38.892483 
-122.833206 38.893314 
-122.833206 38.894150 
-122.833206 38.894985 
-122.833206 38.895817 
-122.833206 38.896652 
-122.833206 38.897484 
-122.833206 38.898319 
-122.833206 38.899151 
-122.833206 38.899986 
-122.833206 38.900822 
-122.833206 38.901653 
-122.833206 38.902489 
-122.833206 38.903320 
-122.833206 38.904156 
-122.833206 38.904987 
-122.833206 38.905823 
-122.833206 38.906658 
-122.833206 38.907490 
-122.833206 38.908325 
-122.833206 38.909157 
-122.833206 38.909992 
-122.833206 38.910828 
-122.833206 38.911659 
-122.833206 38.912495 
-122.833206 38.913326 
-122.833206 38.914162 
-122.833206 38.914993 
-122.833206 38.915829 
-122.833206 38.916664 
-122.833206 38.917496 
-122.833206 38.918331 
-122.833206 38.919163 
-122.833206 38.919998 
-122.833206 38.920830 
-122.833206 38.921665 
-122.833206 38.922501 
-122.833206 38.923332 
-122.833206 38.924168 
-122.833206 38.924999 
-122.833206 38.925835 
-122.833206 38.926666 
-122.833206 38.927502 
-122.833206 38.928337 
-122.833206 38.929169 
-122.833206 38.930004 
-122.833206 38.930836 
-122.833206 38.931671 
-122.833206 38.932503 
-122.833206 38.933338 
-122.833206 38.934174 
-122.833206 38.935005 
-122.833206 38.935841 
-122.833206 38.936672 
-122.833206 38.937508 
-122.833206 38.938339 
-122.833206 38.939175 
-122.833206 38.940010 
-122.833206 38.940842 
-122.833206 38.941677 
-122.833206 38.942509 
-122.833206 38.943344 
-122.833206 38.944176 
-122.833206 38.945011 
-122.833206 38.945847 
-122.833206 38.946678 
-122.833206 38.947514 
-122.833206 38.948345 
-122.833206 38.949181 
-122.833206 38.950016 
-122.833206 38.950848 
-122.833206 38.951683 
-122.833206 38.952515 
-122.833206 38.953350 
-122.833206 38.954182 
-122.833206 38.955017 
-122.833206 38.955853 
-122.833206 38.956684 
-122.833206 38.957520 
-122.833206 38.958351 
-122.833206 38.959187 
-122.833206 38.960018 
-122.833206 38.960854 
-122.833206 38.961689 
-122.833206 38.962521 
-122.833206 38.963356 
-122.833206 38.964188 
-122.833206 38.965023 
-122.833206 38.965855 
-122.833206 38.966690 
-122.833206 38.967525 
-122.833206 38.968357 
-122.833206 38.969193 
-122.833206 38.970024 
-122.833206 38.970860 
-122.833206 38.971691 
-122.833206 38.972527 
-122.833206 38.973362 
-122.833206 38.974194 
-122.833206 38.975029 
-122.833206 38.975861 
-122.833206 38.976696 
-122.833206 38.977528 
-122.833206 38.978363 
-122.833206 38.979198 
-122.833206 38.980030 
-122.833206 38.980865 
-122.833206 38.981697 
-122.833206 38.982533 
-122.833206 38.983368 
-122.833206 38.984200 
-122.833206 38.985035 
-122.833206 38.985867 
-122.833206 38.986702 
-122.833206 38.987534 
-122.833206 38.988369 
-122.833206 38.989204 
-122.833206 38.990036 
-122.833206 38.990871 
-122.833206 38.991703 
-122.833206 38.992538 
-122.833206 38.993370 
-122.833206 38.994205 
-122.833206 38.995041 
-122.833206 38.995872 
-122.833206 38.996708 
-122.833206 38.997540 
-122.833206 38.998375 
-122.833206 38.999207 
-122.833206 39.000042 
-122.834038 39.000042 
-122.834869 39.000042 
-122.835701 39.000042 
-122.836540 39.000042 
-122.837372 39.000042 
-122.838203 39.000042 
-122.839043 39.000042 
-122.839874 39.000042 
-122.840706 39.000042 
-122.841537 39.000042 
-122.842377 39.000042 
-122.843208 39.000042 
-122.844040 39.000042 
-122.844879 39.000042 
-122.845711 39.000042 
-122.846542 39.000042 
-122.847374 39.000042 
-122.848213 39.000042 
-122.849045 39.000042 
-122.849876 39.000042 
-122.850716 39.000042 
-122.851547 39.000042 
-122.852379 39.000042 
-122.853210 39.000042 
-122.854050 39.000042 
-122.854881 39.000042 
-122.855713 39.000042 
-122.856552 39.000042 
-122.857384 39.000042 
-122.858215 39.000042 
-122.859047 39.000042 
-122.859886 39.000042 
-122.860718 39.000042 
-122.861549 39.000042 
-122.862389 39.000042 
-122.863220 39.000042 
-122.864052 39.000042 
-122.864883 39.000042 
-122.865723 39.000042 
-122.866554 39.000042 
-122.867386 39.000042 
-122.868225 39.000042 
-122.869057 39.000042 
-122.869888 39.000042 
-122.870720 39.000042 
-122.871559 39.000042 
-122.872391 39.000042 
-122.873222 39.000042 
-122.874062 39.000042 
-122.874893 39.000042 
-122.875725 39.000042 
-122.876556 39.000042 
-122.877396 39.000042 
-122.878227 39.000042 
-122.879059 39.000042 
-122.879898 39.000042 
-122.880730 39.000042 
-122.881561 39.000042 
-122.882393 39.000042 
-122.883232 39.000042 
-122.884064 39.000042 
-122.884895 39.000042 
-122.885735 39.000042 
-122.886566 39.000042 
-122.887398 39.000042 
-122.888229 39.000042 
-122.889069 39.000042 
-122.889900 39.000042 
-122.890732 39.000042 
-122.891571 39.000042 
-122.892403 39.000042 
-122.893234 39.000042 
-122.894073 39.000042 
-122.894905 39.000042 
-122.895737 39.000042 
-122.896568 39.000042 
-122.897408 39.000042 
-122.898239 39.000042 
-122.899071 39.000042 
-122.899910 39.000042 
-122.900742 39.000042 
-122.901573 39.000042 
-122.902405 39.000042 
-122.903244 39.000042 
-122.904076 39.000042 
-122.904907 39.000042 
-122.905746 39.000042 
-122.906578 39.000042 
-122.907410 39.000042 
-122.908241 39.000042 
-122.909081 39.000042 
-122.909912 39.000042 
-122.910744 39.000042 
-122.911583 39.000042 
-122.912415 39.000042 
-122.913246 39.000042 
-122.914078 39.000042 
-122.914917 39.000042 
-122.915749 39.000042 
-122.916580 39.000042 
-122.917419 39.000042 
-122.918251 39.000042 
-122.919083 39.000042 
-122.919914 39.000042 
-122.920753 39.000042 
-122.921585 39.000042 
-122.922417 39.000042 
-122.923256 39.000042 
-122.924088 39.000042 
-122.924919 39.000042 
-122.925751 39.000042 
-122.926590 39.000042 
-122.927422 39.000042 
-122.928253 39.000042 
-122.929092 39.000042 
-122.929924 39.000042 
-122.930756 39.000042 
-122.931587 39.000042 
-122.932426 39.000042 
-122.933258 39.000042 
-122.934090 39.000042 
-122.934929 39.000042 
-122.935760 39.000042 
-122.936592 39.000042 
-122.937424 39.000042 
-122.938263 39.000042 
-122.939095 39.000042 
-122.939926 39.000042 
-122.940765 39.000042 
-122.941597 39.000042 
-122.942429 39.000042 
-122.943260 39.000042 
-122.944099 39.000042 
-122.944931 39.000042 
-122.945763 39.000042 
-122.946602 39.000042 
-122.947433 39.000042 
-122.948265 39.000042 
-122.949097 39.000042 
-122.949936 39.000042 
-122.950768 39.000042 
-122.951599 39.000042 
-122.952438 39.000042 
-122.953270 39.000042 
-122.954102 39.000042 
-122.954933 39.000042 
-122.955772 39.000042 
-122.956604 39.000042 
-122.957436 39.000042 
-122.958275 39.000042 
-122.959106 39.000042 
-122.959938 39.000042 
-122.960770 39.000042 
-122.961609 39.000042 
-122.962440 39.000042 
-122.963272 39.000042 
-122.964111 39.000042 
-122.964943 39.000042 
-122.965775 39.000042 
-122.966614 39.000042 
-122.967445 39.000042 
-122.968277 39.000042 
-122.969109 39.000042 
-122.969948 39.000042 
-122.970779 39.000042 
-122.971611 39.000042 
-122.972450 39.000042 
-122.973282 39.000042 
-122.974113 39.000042 
-122.974945 39.000042 
-122.975784 39.000042 
-122.976616 39.000042 
-122.977448 39.000042 
-122.978287 39.000042 
-122.979118 39.000042 
-122.979950 39.000042 
-122.980782 39.000042 
-122.981621 39.000042 
-122.982452 39.000042 
-122.983284 39.000042 
-122.984123 39.000042 
-122.984955 39.000042 
-122.985786 39.000042 
-122.986618 39.000042 
-122.987457 39.000042 
-122.988289 39.000042 
-122.989120 39.000042 
-122.989960 39.000042 
-122.990791 39.000042 
-122.991623 39.000042 
-122.992455 39.000042 
-122.993294 39.000042 
-122.994125 39.000042 
-122.994957 39.000042 
-122.995796 39.000042 
-122.996628 39.000042 
-122.997459 39.000042 
-122.998291 39.000042 
-122.999130 39.000042 
